14031
31802
23117
5592
15683
10889
14568
15613
17779
21805
11351
21409
22961
31823
28903
1626
12292
4619
16636
32589
23107
16951
29403
14272
19957
24485
5659
28003
22224
15882
14498
25692
12545
3645
26346
23642
26655
4090
8630
28679
4191
6583
27483
25899
9721
16401
18343
26666
15388
10247
12224
12888
21896
28972
19457
31026
31476
29546
26854
11051
27159
14022
17040
19124
18476
28000
30470
32608
8465
452
14554
12474
13537
25385
14115
6862
31696
13534
3844
2227
30708
157
29277
25798
18702
25973
14510
25656
23031
10613
24713
6904
12219
22348
1057
17445
14043
12871
30463
7709
23451
22393
5534
26320
3482
8480
24497
4596
29226
23396
12310
10811
9431
23414
24326
19539
10351
20104
1011
522
31824
13460
15713
18333
20531
6446
14393
30978
8515
26342
13704
7943
15679
17352
15638
14397
31796
31213
28119
5813
27496
10534
23344
29409
18138
19862
4246
3015
21566
